0  0.354531479589  0.156019197919  0.296756842101  0.139828278702  0.0528642016894  
1  0.268566615515  0.110555298417  0.299913709068  0.0777089540904  0.243255422909  
2  0.218297557412  0.234897251675  0.264103518372  0.144810459566  0.137891212976  
3  0.184818933142  0.190300755741  0.0107826553858  0.360662915662  0.253434740068  
4  0.193513858553  0.11192258126  0.073664000614  0.426473144568  0.194426415005  
5  0.343165144703  0.100197765879  0.0423447130463  0.279185504009  0.235106872364  
6  0.145889331819  0.246593698054  0.143669923004  0.365957259775  0.0978897873479  
7  0.0555416195177  0.302119233196  0.194626703906  0.191174270657  0.256538172723  
8  0.386790531389  0.245289040918  0.313725660692  0.00696292763282  0.0472318393689  
9  0.0530310910174  0.142997545972  0.4142657374  0.111837646964  0.277867978646  
10  0.134131274075  0.348893704441  0.0592590758795  0.365896429772  0.091819515832  
11  0.043392383851  0.239785122741  0.248543256931  0.231988165852  0.236291070624  
12  0.0824692285801  0.265970446411  0.167296196081  0.201744559824  0.282519569104  
13  0.2090389094  0.204167665403  0.146746153606  0.210621182327  0.229426089264  
14  0.313527014271  0.0965278995112  0.317992878606  0.114605454801  0.157346752811  
15  0.242922302966  0.0214716629967  0.206371854392  0.228505515398  0.300728664247  
16  0.30668168196  0.194068994858  0.290948619839  0.196609986307  0.011690717037  
17  0.18368931144  0.387320194871  0.168108969969  0.217499025298  0.0433824984218  
18  0.372999319396  0.126645977754  0.144055581762  0.0829913880401  0.273307733047  
19  0.188258023863  0.267902444515  0.100116009124  0.403047574538  0.0406759479604  
